4251096543636
4251096554311
4251096554328
4251096550948
4251096550962
4251096550955
4251096559989
4251096557558
4251096557640
4251096557671
4251096556902
4251096556919
4251096556933
4251096556940
4251096558555
4251096558562
4251096558579
4251096547566
4251096547702
4251096547696
4251096553802
4251096553895
4251096541786
4251096547979
4251096547986
4251096547993
4251096548013
4251096544282
4251096544299
4251096548563
4251096548570
4251096541151
4251096541168
4251096541175
4251096550382
4251096550412
4251096556704
4251096556711
4251096556728
4251096556742
4251096541984
4251096541991
4251096542004
4251096542035
4251096542059
4251096547276
4251096548686
4251096548709
4251096549164
4251096549171
4251096549188
4251096550238
4251096550245
4251096550252
4251096550269
4251096550283
4251096550290
4251096549126
4251096556841
4251096556858
4251096548525
4251096560206
4251096560213
4251096552645
4251096552676
4251096552683
4251096552713
4251096553635
4251096553642
4251096553659
4251096553666
4251096553680
4251096553697
4251096553703
4251096553710
4251096559620
4251096559637
4251096559651
4251096561562
4251096561586
4251096555493
4251096555622
4251096555776
4251096555783
4251096555790
4251096555806
4251096555899
4251096555943
4251096555974
4251096556018
4251096556162
4251096556131
4251096555837
4251096548105
4251096548129
4251096548143
4251096548242
4251096548341
4251096548419
4251096548488
4251096548501
4251096567960
4251096568189
4251096568417
4251096568462
4251096567700
4251096581355
4251096573138
4251096573343
4251096573398
4251096573527
4251096573589
4251096573596
4251096573626
4251096573640
4251096573848
4251096573855
4251096579635
4251096580174
4251096579789
4251096579673
4251096581447
4251096581454
4251096581461
4251096581478
4251096581485
4251096582239
4251096583304
4251096583311
4251096565171
4251096565218
4251096565225
4251096565232
4251096573480
4251096573497
4251096575996
4251096576009
4251096576023
4251096576016
4251096576054
4251096576078
4251096576085
4251096576092
4251096576122
4251096576153
4251096574432
4251096576252
4251096580778
4251096587913
4251096587951
4251096581409
4251096581553
4251096562422
4251096562439
4251096562446
4251096562453
4251096562460
4251096562477
4251096562484
4251096562491
4251096562507
4251096562514
4251096562590
4251096566543
4251096566550
4251096563450
4251096563153
4251096562972
4251096562989
4251096564136
4251096566321
4251096565454
4251096569995
4251096573756
4251096573763
4251096573879
4251096574364
4251096574388
4251096574548
4251096574555
4251096577815
4251096577822
4251096577785
4251096583908
4251096586824
4251096584790
4251096584820
4251096584844
4251096584899
4251096585032
4251096583410
4251096583427
4251096572919
4251096562712
4251096562736
4251096569322
4251096569384
4251096569445
4251096561814
4251096561821
4251096561845
6291105709712
6291105709729
6291105709736
6291106552232
6291105700801
6291105700894
6291105700726
6291105700634
6291105700641
6291105700665
6291105700658
6291105700672
6291105700689
6291105700696
6291105700702
6291105700719
6291105700863
6291105700771
6291105700788
6291105700795
6291105700870
6291105700818
6291105700825
6291105701686
6291105701709
6291105701716
6291105701723
6291105701730
6291105703338
6291105703949
6291105704014
6291105704076
6291105704083
6291106556049
6291106557220
6291105701792
6291105701808
6291105701877
6291105701884
6291105701891
6291105701983
6291105701976
6291105701969
6291105701952
6291105701945
6291105701921
6291105702034
6291105702089
6291105702010
6291105702003
6291105706124
4251096593907
4251096593921
4251096594034
6291105702645
6291105702669
6291105702676
6291105702683
6291105706186
6291105706193
6291105706209
6291105706216
6291105706223
6291105706230
6291105708951
6291105708968
6291105708982
6291105708999
6291106557008
6291106557015
6291106557022
6291106557039
6291106557053
6291106557060
6291106557077
6291106557091
6291106557152
6291106557169
6291106557176
6291106557183
6291106557190
4251096594522
4251096594539
4251096597295
4251911705157
4251096591583
4251096596557
4251096596564
4251096596878
4251096596885
4251096597547
4251096597608
4251096597622
4251096597639
4251096597646
4251096597653
4251096597660
6291106551808
6291106551815
